0 0.757422 0.196528 0.041406 0.043056
0 0.537500 0.185417 0.045312 0.043056
0 0.894141 0.329861 0.066406 0.098611
0 0.671094 0.179861 0.037500 0.045833
0 0.746484 0.525000 0.157031 0.211111
2 0.227734 0.493056 0.058594 0.050000
2 0.330078 0.274306 0.027344 0.018056
2 0.130078 0.279861 0.036719 0.023611
2 0.527734 0.495139 0.064844 0.059722
0 0.237891 0.185417 0.027344 0.026389
2 0.390234 0.313194 0.019531 0.015278
2 0.757031 0.225000 0.025000 0.016667
3 0.778125 0.536806 0.054688 0.179167
3 0.746094 0.526389 0.157812 0.213889
3 0.776563 0.531944 0.046875 0.191667
2 0.882812 0.388889 0.046875 0.027778
3 0.776563 0.585417 0.043750 0.079167